I(mA)          V(mV)          f.s. oscilloscopio(mV)
0.02           6              5
0.03           8              5
0.04           10             5
0.06           12             5
0.09           14             5
0.13           16             5
0.18           18             5
0.26           20             5
0.38           22             5
0.52           24             5
0.75           26             5
1.05           28             5
1.46           30             5
1.94           32             10
2.66           34             10
3.34           36             10
4.40           38             10